34 42 96 28 82 84 94 58 86 7 82 84 96 28 82 84 94 58 86 7 78 75 7 94 58 
34 82 84 82 97 75 82 84 82 97 75 42 96 28 82 84 94 58 86 7 82 84 94 58 86 18 86 7 78 78 
34 18 7 82 97 75 42 96 28 82 84 94 58 86 7 82 97 75 42 7 82 84 94 58 86 7 82 97 82 84 
34 18 97 
34 18 7 82 97 82 84 94 58 86 42 97 96 
34 82 84 82 97 75 42 96 28 82 84 94 58 86 7 75 42 7 82 97 75 42 96 28 82 84 94 58 86 7 
34 82 84 82 97 75 42 96 28 82 84 94 58 86 7 82 84 94 58 86 7 78 
34 18 84 82 97 75 42 96 28 82 84 94 58 86 7 82 84 82 97 75 42 96 28 82 84 94 58 86 7 82 
34 82 84 82 97 75 42 96 28 82 84 94 58 86 7 82 84 82 84 94 58 86 82 97 75 42 96 28 82 84 
34 82 84 7 82 84 94 58 86 97 75 
34 18 7 82 97 75 42 7 82 97 75 42 96 28 82 84 94 58 86 7 78 42 7 82 97 75 42 96 75 42 
34 82 84 82 97 28 82 
34 82 84 82 97 75 42 96 28 82 84 94 58 86 7 82 84 94 58 86 97 75 97 75 42 96 28 
34 82 84 82 97 75 42 96 28 82 84 94 58 86 7 82 7 78 7 82 97 75 42 96 28 82 7 97 75 42 
34 82 84 82 97 75 42 96 28 82 84 94 58 86 7 78 18 7 84 28 82 84 58 86 7 78 18 94 58 86 
34 82 84 82 97 75 42 96 28 82 84 94 94 58 86 7 78 97 
34 82 84 82 97 75 42 96 82 84 82 97 75 42 96 28 82 84 94 58 86 7 82 84 96 28 82 84 94 58 
34 28 82 84 94 58 86 7 78 18 7 42 7 78 42 7 82 82 
34 82 84 82 97 75 42 96 28 82 84 94 58 86 7 82 84 94 58 86 97 28 82 84 94 58 86 7 82 84 
34 18 84 82 97 75 42 96 82 97 75 42 96 28 
34 82 84 82 97 75 42 96 28 82 84 94 58 86 7 82 84 82 84 94 58 86 7 82 7 78 7 82 97 75 
34 82 84 82 97 75 42 96 28 82 84 94 58 86 7 82 84 94 58 86 97 75 
34 18 84 82 97 58 86 7 78 7 84 94 42 97 96 
34 18 7 82 97 75 42 7 82 97 75 42 96 28 82 84 94 75 42 7 82 97 75 42 96 28 82 84 94 58 
34 82 84 82 97 75 42 96 28 82 84 94 58 86 7 82 84 94 58 86 97 75 7 78 28 82 84 94 
34 82 84 82 97 75 42 96 28 82 84 94 58 86 7 82 84 94 58 86 97 75 7 75 42 96 42 28 82 84 
34 82 84 82 97 75 42 96 28 82 84 94 58 86 7 78 18 7 7 7 84 94 58 86 97 82 97 75 42 96 
34 82 84 82 97 75 42 96 28 82 84 94 58 86 7 82 
34 82 84 82 97 75 42 96 28 82 84 94 58 86 7 78 58 
34 82 84 82 97 75 42 96 28 82 84 94 58 86 7 82 84 96 28 82 84 94 58 86 7 78 75 7 94 18 
34 18 7 82 97 75 42 7 82 97 75 97 82 97 97 97 75 42 7 82 78 18 7 84 94 
34 82 84 82 97 75 42 96 28 82 84 94 58 86 7 82 42 96 28 82 84 94 58 86 7 78 7 75 42 96 
34 82 84 82 97 75 42 96 28 82 84 94 58 28 82 84 94 58 86 7 82 84 82 84 94 58 86 7 82 84 
34 82 84 82 97 75 42 96 86 7 82 84 94 58 86 97 75 7 75 42 96 28 82 84 94 
34 18 7 82 97 75 42 7 82 97 75 58 86 7 78 94 42 7 82 97 82 28 82 
34 18 84 82 97 75 42 96 28 82 84 94 58 86 7 82 84 94 42 96 28 82 84 94 58 86 7 78 7 84 
34 82 84 82 97 75 42 96 28 82 84 94 58 86 97 75 96 28 82 84 94 58 86 7 82 84 82 84 94 58 
34 82 84 82 97 75 42 42 7 82 97 75 42 96 28 94 58 86 
34 82 84 82 97 75 86 7 78 86 7 
34 82 84 82 97 75 42 7 82 97 75 42 96 28 82 84 94 58 86 7 78 97 58 42 96 28 82 84 94 58 
34 82 84 82 97 75 42 96 28 82 84 94 58 86 7 82 97 82 82 84 82 97 75 42 96 28 82 84 94 58 
34 97 97 97 75 42 97 75 
34 86 42 7 42 96 28 82 84 94 58 86 7 78 7 
34 18 7 82 97 75 42 96 28 82 84 94 58 86 7 78 82 84 82 97 75 42 96 28 82 84 94 58 86 7 
34 82 84 82 97 75 42 96 28 82 84 94 58 86 97 75 42 7 82 97 75 42 82 84 82 97 75 42 96 28 
34 96 42 96 28 82 84 94 58 
34 82 84 82 97 75 42 7 82 97 75 42 96 28 82 84 94 58 94 58 86 7 78 97 82 97 75 82 97 75 
34 18 84 82 97 75 42 7 82 97 75 42 96 28 82 84 86 7 78 97 58 86 7 78 86 7 
34 18 84 82 97 75 42 7 82 97 75 42 96 28 82 84 94 58 86 7 78 97 82 86 7 78 78 42 
34 82 84 82 97 75 42 96 28 82 84 94 58 86 7 82 7 78 7 82 28 82 84 94 58 97 75 82 97 75 
34 82 84 82 97 75 42 7 82 97 75 
34 82 84 82 97 75 42 96 28 82 84 94 58 86 7 78 18 94 58 86 7 78 78 42 7 82 96 28 82 84 
34 82 84 82 97 75 42 96 28 82 84 94 58 86 7 82 84 82 84 94 58 86 7 82 84 94 58 86 97 75 
34 82 84 82 97 75 42 96 28 82 84 94 58 86 7 78 18 7 82 97 
34 18 7 82 97 75 42 7 82 97 75 42 96 28 82 84 94 58 86 7 78 75 42 58 86 7 42 96 97 75 
34 18 84 82 97 75 42 7 82 97 75 42 96 28 82 84 94 58 86 7 78 97 82 97 75 82 28 82 
34 18 7 82 97 75 42 7 82 97 75 42 94 58 86 7 78 78 42 7 82 86 
34 82 84 82 97 75 42 96 28 82 84 94 58 86 7 78 18 96 28 82 84 94 58 86 7 78 75 42 58 86 
34 18 7 82 97 75 42 7 82 82 84 94 58 86 7 82 84 94 58 86 97 75 
34 82 84 82 97 75 42 96 28 82 84 94 58 86 7 82 84 97 75 42 96 28 82 84 94 58 86 7 78 75 
34 18 7 82 97 75 42 7 82 97 75 42 96 28 82 97 75 42 96 28 82 84 94 58 86 7 78 18 94 58 
34 82 84 82 84 94 58 86 7 78 75 42 58 86 7 78 97 58 97 
34 82 84 82 97 75 42 7 82 97 75 42 96 28 82 82 97 75 42 7 82 97 75 42 96 28 82 84 94 58 
34 18 7 84 94 58 86 7 78 97 58 86 7 78 86 97 84 94 
34 18 7 82 97 75 58 86 18 82 84 94 58 86 7 78 97 7 
34 82 84 82 97 75 42 96 28 82 84 94 58 86 7 82 84 94 42 82 97 75 42 96 28 82 84 94 58 86 
34 18 7 82 97 75 42 96 28 82 84 94 58 86 7 86 7 78 86 97 84 94 
34 82 84 82 97 75 42 7 82 97 75 42 96 28 82 84 94 58 86 7 78 97 58 78 86 82 97 75 42 96 
34 82 84 82 97 75 42 96 
34 18 7 82 97 75 42 7 82 97 75 42 96 28 82 84 94 58 86 7 78 75 42 58 86 82 28 82 84 94 
34 18 7 86 18 82 84 94 58 86 7 78 97 7 
34 82 84 82 97 75 42 96 28 82 84 94 58 86 7 82 84 94 58 82 97 75 42 96 28 82 84 94 58 86 
34 82 84 82 97 75 42 96 28 82 84 94 58 86 
34 18 84 82 97 75 42 96 28 82 84 94 58 86 7 82 84 94 58 86 7 78 94 42 7 82 97 82 28 82 
34 82 84 82 97 75 42 96 28 82 84 94 58 86 7 82 7 78 7 82 97 75 42 96 86 7 78 97 7 
34 82 84 82 97 75 42 96 28 82 84 94 58 86 7 82 84 94 58 86 18 82 84 94 58 28 82 42 97 96 
34 18 7 82 97 75 42 96 28 82 84 97 75 42 96 28 82 84 94 58 86 7 78 18 7 84 94 7 18 7 
34 82 84 82 94 58 86 7 78 78 42 97 7 78 75 42 7 82 7 
34 18 7 82 97 75 42 7 82 97 75 42 96 28 82 84 94 58 82 97 75 42 96 28 82 84 94 58 86 7 
34 18 7 82 97 75 42 7 86 7 78 75 42 58 86 7 42 96 28 82 
34 18 7 82 97 75 42 96 28 82 84 94 58 86 7 78 86 82 84 82 97 75 82 97 75 42 96 28 82 84 
34 82 84 82 
34 82 84 82 97 75 42 78 42 97 7 58 28 
34 82 84 82 97 75 42 96 28 82 84 94 58 86 7 82 84 94 58 86 18 86 7 78 96 28 82 84 94 58 
34 82 84 82 97 75 42 96 28 82 84 94 58 86 7 82 84 42 96 28 82 84 94 58 86 97 75 42 7 82 
34 82 84 82 97 75 94 58 86 97 75 84 94 58 86 42 
34 82 84 82 97 75 42 96 28 82 84 94 58 86 7 82 7 78 7 82 86 
34 82 84 82 97 75 42 7 82 97 75 42 96 28 82 84 94 58 86 7 78 97 58 86 7 78 86 58 28 82 
34 82 84 82 97 75 42 96 28 84 82 97 75 42 96 28 82 84 94 58 86 7 82 84 94 58 86 97 75 42 
34 82 82 84 94 58 86 7 82 84 94 58 86 18 82 84 94 58 86 7 78 97 7 
34 82 84 82 97 75 42 96 28 82 84 94 58 86 7 78 18 94 58 7 96 28 82 84 94 58 86 7 82 84 
34 18 7 82 97 75 42 7 82 97 75 42 78 75 58 86 7 82 78 86 
34 82 84 82 97 75 42 96 96 28 82 84 94 58 86 7 82 84 94 58 86 18 82 84 94 58 86 58 86 7 
34 82 84 82 97 75 42 28 82 84 94 58 86 7 78 18 7 7 7 
34 18 7 82 97 75 42 7 82 97 75 42 96 28 82 84 94 58 86 7 78 75 42 58 86 82 42 7 82 97 
34 18 7 82 97 75 
34 82 84 82 97 75 42 96 28 82 84 94 58 86 7 78 18 94 58 86 7 82 84 94 58 86 97 75 42 7 
34 82 84 82 97 75 42 96 28 82 84 94 58 86 7 18 82 58 78 42 97 7 78 75 
34 82 84 82 97 75 42 96 28 82 84 94 58 86 7 82 97 82 97 97 97 75 42 7 82 78 18 97 75 42 
34 82 84 82 7 84 94 
34 82 84 82 97 75 42 96 28 82 84 94 58 86 7 82 84 94 58 86 97 75 84 94 75 42 96 28 82 84 
34 82 84 82 97 58 86 42 
34 18 7 82 97 75 58 86 7 78 7 
34 18 7 82 97 75 42 96 28 82 84 94 58 86 7 78 86 42 7 42 96 28 82 84 94 42 96 28 82 84 
34 82 84 82 97 75 42 96 28 82 84 94 58 86 7 82 84 96 28 82 84 94 7 82 97 75 42 96 28 82 
34 82 84 82 97 75 42 58 86 7 78 75 7 94 58 
34 18 7 82 97 75 42 7 82 97 75 42 96 28 82 84 94 86 7 82 84 94 58 86 7 78 94 42 7 82 
34 18 84 82 97 75 42 96 28 82 84 94 58 58 86 7 78 78 42 97 7 58 86 
34 18 7 82 97 75 42 96 28 82 84 94 58 86 7 78 18 94 58 86 7 18 7 78 42 7 82 58 86 7 
34 82 84 82 97 75 42 7 82 97 75 42 82 84 94 58 86 7 82 84 94 84 94 58 86 7 78 18 7 82 
34 82 84 82 97 75 42 96 28 78 94 42 7 82 97 82 28 82 
34 18 84 82 97 75 42 96 28 82 84 94 58 86 7 82 84 94 58 86 7 82 84 94 58 86 7 82 84 94 
34 82 84 82 97 75 42 96 28 82 84 94 58 86 7 82 84 82 84 82 97 75 42 96 28 82 84 94 58 86 
34 18 84 94 58 86 7 82 84 94 58 86 97 75 
34 82 84 82 97 75 86 7 18 82 58 78 42 97 7 78 75 
34 82 84 82 97 75 42 96 28 82 84 94 58 86 7 78 18 94 58 42 96 28 82 84 94 58 86 7 82 42 
34 82 84 82 97 75 42 96 28 82 84 94 58 86 7 82 84 94 58 86 18 7 82 97 75 86 75 42 28 82 
34 82 84 82 97 75 42 96 96 7 
34 82 84 82 97 75 96 28 82 7 78 18 7 82 97 75 28 82 84 
34 82 84 82 97 75 42 96 28 82 84 94 58 86 7 75 42 42 96 28 82 84 94 58 86 7 78 18 7 7 
34 82 84 82 86 7 82 84 94 58 86 97 75 84 94 58 86 42 
34 82 84 82 97 75 42 96 28 82 84 94 58 97 75 42 96 28 82 84 94 58 86 7 78 18 94 58 86 84 
34 82 84 82 97 75 42 96 28 82 84 94 58 86 7 82 84 94 58 86 97 75 7 75 42 96 28 82 75 7 
34 82 84 82 97 75 42 96 28 82 84 94 58 86 7 82 84 96 28 82 84 94 58 86 7 78 84 94 
34 18 84 82 97 75 42 7 82 97 75 42 96 82 84 94 18 7 
34 18 7 82 97 75 42 7 82 97 75 42 96 28 82 84 94 58 86 7 78 75 42 7 82 28 82 84 82 97 
34 18 7 82 97 42 7 7 82 84 7 82 
34 18 7 82 97 75 42 96 28 82 84 94 58 86 7 78 97 75 18 7 82 97 75 75 42 7 82 97 75 42 
34 82 84 82 97 75 42 96 28 82 84 94 58 86 7 82 42 96 28 82 84 94 58 86 7 78 75 42 58 86 
34 18 7 82 97 75 42 7 82 97 75 97 82 97 97 97 75 42 7 82 78 18 7 84 94 
34 18 7 82 97 75 42 7 82 97 75 42 96 28 82 84 94 58 86 7 78 75 42 58 86 82 84 94 58 86 
34 18 7 82 97 75 42 7 82 97 75 42 96 28 82 
34 82 84 28 82 84 94 58 86 7 75 42 96 28 82 84 
34 18 7 82 97 75 42 96 28 82 82 84 82 97 75 42 96 82 97 75 42 96 28 82 84 94 58 86 7 82 
34 97 75 42 7 82 
34 82 84 82 97 75 42 96 28 82 84 94 58 86 96 28 82 84 94 58 86 7 82 42 7 82 97 
34 82 84 82 97 75 42 96 28 82 84 94 58 75 42 7 82 42 7 82 97 75 
34 82 84 82 97 75 42 96 28 82 84 94 58 86 7 82 97 82 97 97 97 86 7 78 18 97 75 42 7 82 
34 82 84 82 97 75 42 96 28 82 84 94 58 86 7 78 18 94 58 84 82 97 75 97 75 42 7 82 
34 18 7 82 97 75 42 7 82 97 75 42 96 28 82 84 94 58 86 7 78 75 42 7 82 42 96 28 82 84 
34 82 84 82 97 75 42 96 28 82 84 94 58 86 7 78 18 7 42 82 58 78 42 97 7 78 75 42 78 7 
34 18 7 82 97 75 42 96 28 82 84 94 58 86 7 78 97 75 18 7 82 97 75 94 58 86 7 7 7 
34 18 7 82 97 75 42 7 82 97 75 42 96 28 96 28 82 84 94 58 86 7 78 18 82 97 75 42 96 28 
34 82 84 82 97 75 42 82 84 94 58 86 7 78 75 42 7 82 82 84 94 18 7 
34 84 82 97 75 42 96 28 82 84 94 58 86 7 82 
34 82 18 7 82 28 82 84 94 58 86 7 78 97 7 7 82 97 75 42 7 82 97 75 42 96 28 82 84 94 
34 18 7 82 97 75 42 7 82 97 75 42 96 28 82 84 94 97 75 42 96 28 82 84 82 97 
34 82 84 82 97 75 42 96 28 82 84 94 58 86 7 78 18 94 58 84 82 58 86 7 78 75 42 58 86 7 
34 82 84 82 97 75 42 96 28 82 84 94 58 86 7 78 18 94 58 86 7 78 78 42 7 82 7 82 97 75 
34 82 84 82 97 
34 18 7 82 97 75 42 7 82 97 75 42 96 28 82 84 94 58 86 7 78 42 7 82 97 75 42 96 28 58 
34 82 84 82 97 75 42 96 28 82 84 94 82 
34 82 84 82 97 75 42 7 82 84 94 58 86 18 82 84 94 58 86 7 78 97 7 
34 82 84 82 97 75 42 96 28 82 84 94 58 86 96 28 82 84 94 58 86 7 82 84 82 97 75 42 96 28 
34 82 84 82 97 75 42 96 28 82 84 94 58 86 7 78 18 94 58 86 7 7 82 97 75 42 96 28 82 7 
34 82 84 82 97 75 42 96 28 82 84 94 58 86 7 82 7 78 75 42 96 28 82 84 94 58 86 
34 82 84 82 97 75 42 7 82 97 86 7 82 84 94 58 86 97 75 97 75 42 96 28 
34 82 84 82 97 75 42 96 28 82 84 94 58 75 42 96 28 82 84 94 58 86 7 78 97 58 86 7 78 86 
34 82 84 82 97 75 42 7 82 97 75 42 96 28 82 84 94 58 86 7 78 97 58 86 7 78 42 7 82 
34 18 7 82 97 75 42 7 82 97 75 42 96 28 82 84 94 58 86 7 78 75 42 7 82 97 75 86 97 84 
34 82 84 82 97 75 42 7 82 97 75 42 96 28 82 84 94 58 86 7 78 97 58 86 7 82 97 75 42 7 
34 18 7 78 86 97 84 94 
34 82 84 82 97 75 42 96 28 82 84 94 58 86 7 82 84 94 58 97 75 
34 82 84 82 97 75 42 96 28 82 84 94 58 86 7 82 97 82 97 97 97 75 42 86 97 75 7 78 94 82 
34 82 84 82 97 75 42 96 28 82 84 94 58 86 7 82 84 82 84 94 58 86 7 82 84 94 58 86 97 75 
34 82 84 82 97 75 42 96 28 82 84 94 58 86 7 82 97 82 97 97 97 75 42 97 75 
34 82 84 82 97 75 42 96 28 82 84 94 58 86 7 82 84 82 84 94 58 86 7 82 84 7 78 78 42 97 
34 18 7 82 97 75 42 7 82 97 75 42 96 28 82 84 94 58 86 97 75 42 96 28 
34 18 94 58 86 97 75 42 7 82 84 94 58 86 7 
34 82 84 82 97 75 42 96 28 82 84 94 58 86 7 82 84 7 82 97 75 42 96 28 82 84 94 58 86 7 
34 82 84 82 84 82 97 75 42 96 28 82 84 94 58 86 7 82 84 94 84 94 58 86 7 78 18 7 82 97 
34 82 97 75 42 96 28 82 84 94 58 86 7 82 7 78 7 82 97 75 42 96 28 82 7 97 75 42 
34 82 84 82 97 75 42 96 28 82 84 94 58 86 7 82 97 82 97 97 97 75 42 86 7 78 97 58 86 7 
34 82 84 82 97 75 42 7 82 97 75 42 96 28 82 84 94 58 7 82 78 18 7 84 94 
34 82 84 82 97 75 42 7 82 97 75 42 96 28 82 84 94 58 86 7 78 97 58 86 7 78 86 58 82 7 
34 86 
34 82 84 82 97 75 42 96 28 82 84 94 58 86 7 78 18 94 58 86 7 78 78 78 7 82 97 75 42 96 
34 82 84 82 97 75 42 96 28 82 84 94 58 86 7 82 7 42 7 82 7 82 97 75 
34 18 7 82 97 96 28 82 84 94 58 86 7 82 84 96 28 82 84 94 58 86 7 78 75 7 94 58 
34 82 84 82 97 75 42 75 42 7 82 97 75 42 96 28 82 84 94 58 86 97 75 
34 18 7 82 58 86 97 
34 82 84 82 97 75 42 96 28 82 84 94 58 86 7 78 18 7 84 94 7 18 7 82 97 84 94 97 75 42 
34 82 84 82 97 75 42 96 28 82 84 94 58 86 7 82 84 94 58 86 97 75 42 7 82 84 75 42 96 28 
34 97 75 42 7 82 97 75 42 96 28 82 94 58 86 7 
34 18 7 82 97 75 42 7 82 97 75 42 96 28 82 84 94 58 86 7 78 82 97 75 42 96 28 82 84 94 
34 82 84 86 7 78 28 86 7 78 58 86 
34 82 84 82 97 75 42 96 28 82 84 94 58 86 7 82 84 94 58 82 84 94 58 86 7 82 84 94 58 86 
34 82 84 82 97 75 42 96 28 86 18 7 82 97 75 86 75 42 96 7 
34 18 7 82 97 75 7 82 97 75 42 96 28 82 84 94 58 86 7 78 97 75 18 7 82 97 75 42 7 7 
34 18 42 96 28 82 84 94 58 86 7 78 97 94 58 86 7 82 42 7 82 97 
34 82 84 82 97 75 42 96 28 82 84 28 82 84 94 58 86 7 78 86 7 78 28 86 7 78 58 86 
34 18 7 82 97 75 42 7 82 97 75 42 96 94 58 86 7 82 97 82 97 97 97 75 42 7 82 78 18 7 
34 82 84 82 97 75 42 96 28 82 84 94 58 86 7 82 84 94 58 86 97 18 94 58 86 7 78 78 42 7 
34 82 84 82 97 75 42 96 28 82 84 94 58 86 7 78 75 97 75 42 96 28 
34 82 7 82 84 82 84 94 58 86 7 82 84 94 58 86 97 75 
34 82 84 82 97 75 42 96 28 82 84 94 58 86 84 82 97 75 42 96 28 82 84 94 58 86 7 78 18 94 
34 82 84 82 97 75 42 96 28 82 84 94 58 86 78 42 7 82 82 
34 82 84 82 97 75 42 96 28 82 84 94 58 86 7 78 18 7 42 7 7 82 97 82 97 97 97 75 42 7 
34 97 75 42 96 28 82 84 94 58 86 7 78 86 84 94 58 96 28 82 84 94 58 86 7 78 7 
34 18 7 82 82 84 82 97 75 42 96 28 82 84 94 58 86 7 82 84 94 58 86 42 97 96 
34 97 75 42 96 28 82 84 94 58 86 7 82 84 94 58 86 18 7 82 97 75 86 75 42 96 7 
34 82 84 82 18 7 82 97 75 42 7 82 97 75 42 96 28 82 84 94 58 86 7 78 7 75 42 96 28 82 
34 82 84 75 94 58 86 7 78 7 75 
34 18 7 82 97 75 42 96 28 82 84 94 58 86 7 78 97 75 18 7 82 97 82 97 75 42 96 28 82 84 
34 75 42 96 28 82 84 94 58 86 7 78 97 82 97 75 82 97 75 42 96 
34 18 84 82 97 75 42 7 82 97 82 84 82 97 75 42 96 28 82 84 94 58 86 7 82 84 94 58 86 18 
34 82 84 82 97 75 42 96 28 82 84 94 58 86 7 82 84 94 58 86 97 75 97 75 42 96 28 94 58 86 
34 82 84 82 97 75 42 96 28 82 84 
34 82 84 82 97 75 84 94 58 86 7 82 84 82 84 94 58 86 7 82 84 94 58 86 97 75 
34 82 84 82 97 75 42 96 28 82 42 96 28 82 84 94 58 86 7 82 84 82 97 75 42 96 28 82 84 94 
34 18 7 82 97 75 42 82 97 75 42 96 28 28 82 84 94 58 86 7 82 84 94 58 86 18 82 84 94 58 
34 82 84 82 97 75 42 96 82 84 94 58 86 7 78 18 94 58 86 7 78 78 42 7 82 
34 82 84 82 97 75 42 96 28 82 84 82 97 75 42 96 28 82 84 94 58 86 7 82 84 94 58 86 42 97 
34 82 84 94 58 86 7 78 18 94 58 7 78 75 58 86 7 82 78 86 
34 18 7 82 97 75 42 84 96 28 82 84 94 58 86 7 78 75 7 94 58 
34 82 84 82 97 75 42 96 28 82 84 94 58 86 7 82 7 82 97 75 42 96 28 82 84 94 58 86 84 94 
34 82 84 82 97 75 42 96 28 82 84 94 58 86 7 96 28 82 84 94 58 86 7 78 18 7 82 97 75 18 
34 82 84 82 97 75 42 82 84 94 84 94 58 86 7 78 18 7 82 97 75 18 
34 18 7 82 97 75 42 7 82 97 75 7 82 84 94 58 86 97 75 
34 82 84 82 97 75 42 96 28 82 84 94 58 86 7 82 84 82 84 94 58 86 42 96 28 82 84 94 58 86 
34 82 84 82 97 75 42 96 42 96 28 82 84 94 58 86 7 75 42 96 28 82 84 94 58 86 
34 82 84 82 97 75 28 82 84 94 58 86 7 82 84 94 84 94 58 86 7 78 18 7 82 97 75 18 
34 82 84 82 97 75 42 96 42 96 28 82 84 94 58 86 7 82 97 82 97 97 97 75 42 7 82 42 7 82 
34 82 84 82 97 75 28 82 84 94 58 86 7 82 97 82 97 97 97 75 42 7 82 42 7 82 97 75 
34 82 84 82 97 75 42 96 28 82 75 42 96 28 82 84 94 58 86 7 82 84 94 58 86 97 75 7 75 42 
34 82 84 82 97 84 94 58 86 7 82 84 94 58 86 42 97 96 
34 82 84 82 97 96 28 82 84 94 58 86 97 75 42 82 7 82 97 96 
34 82 84 82 97 75 42 75 42 96 28 82 84 94 58 86 7 78 18 94 58 86 7 18 82 58 78 42 97 7 
34 82 84 82 97 75 42 96 75 42 96 28 82 84 94 58 86 7 82 84 96 28 82 84 94 58 86 7 78 75 
34 82 84 82 97 28 82 84 94 58 86 7 78 18 7 42 82 58 78 42 97 7 78 75 42 7 7 
34 18 7 97 75 42 7 82 97 75 42 96 28 82 7 97 75 42 7 82 97 42 96 94 58 86 7 82 97 82 
34 82 84 82 97 75 42 96 28 82 84 94 58 86 7 82 97 75 
34 82 84 82 97 75 42 96 28 82 84 94 58 86 75 42 96 28 82 84 94 58 86 7 82 84 94 58 86 42 
34 82 84 82 97 7 82 84 82 84 94 58 86 7 82 84 94 58 86 97 75 
34 82 84 82 97 75 42 82 84 82 97 75 42 96 28 82 84 94 58 86 7 82 7 78 7 82 97 75 42 96 
34 96 28 82 84 94 58 86 7 82 97 82 97 97 97 75 42 7 82 42 7 82 97 75 
34 82 84 82 97 75 42 96 28 82 84 94 84 82 97 75 42 96 28 82 84 94 58 86 7 82 84 94 58 86 
34 18 58 86 7 82 97 82 97 97 97 75 42 7 82 42 7 82 97 75 
34 18 7 82 97 75 42 7 82 97 75 42 96 28 82 84 42 96 
34 18 84 82 97 75 42 7 82 97 75 42 96 28 82 84 94 58 86 7 78 97 82 97 75 82 97 75 94 58 
