17 13 7 13 7 19 88 48 94 24 21 35 6 36 86 100 87 64 7 88 48 94 88 48 94 24 21 35 6 36
17 13 7 87 64 48 94 24 21 35 6 36 86 24 21 6 7 13 7 19 19 7 24 94 24 21 35 24
17 13 7 13 7 19 88 48 94 24 21 35 6 24 21 35 6 36 86 88 6 36 86 100 87 64 35 6 36 86
17 13 7 87 64 48 94 36 86 100 87 64 100
17 13 7 13 7 19 88 48 94 24 21 35 6 36 86 100 87 64 64 94 24
17 13 36 86 100 87 19 88 48 94 24 21 35 6 36 86 100 87 64 35 36 87 64 94 24 24 21 48 94 24
17 13 7 13 7 19 88 48 94 24 21 35 6 36 86 100 87 64 7 64 48 19 88 48 94 24 21 35 7 19
17 13 7 13 7 19 88 48 94 24 21 35 6 36 86 100 87 88 48 94 24 94 24 21 35 24
17 13 7 13 7 19 88 48 94 24 21 35 6 36 86 100 87 64 64 100 86 100 87 64 86 100 87 64 35 94
17 13 7 13 7 19 88 48 94 24 21 35 6 36 48 94 24 21 35 19
17 13 7 13 7 19 88 48 94 24 21 35 6 36 86 100 87 64 7 88 13 7 13 7 19 88 48 94 24 21
17 48 94 24 100 87 64 35 94 64 13
17 13 7 13 7 19 88 48 94 24 21 35 6 36 86 100 87 64 35 13 24 21 35 6 36 86 100 87
17 13 7 13 7 19 88 48 94 24 21 35 6 36 86 100 87 64 35 21
17 13 7 13 7 19 88 48 94 88 48 94 24 21 35 6 36 86 100 87 64 48 35 6
17 13 7 13 7 19 24 21 35 6 36 86 100 87 64 19 88 19 88 48 94 24
17 13 7 13 7 19 88 48 94 24 21 35 6 36 86 100 87 64 88 24 64 7 6 88 48 94
17 13 7 13 7 19 88 48 94 24 21 35 6 36 86 100 87 64 7 13 7 19 35 48 13 7 19 36 100
17 13 7 13 7 19 88 48 94 24 21 35 6 36 86 100 87 64 94 24 21 35 6 36 86 100 87 64 100 7
17
17 13 7 13 7 19 88 48 94 24 21 35 6 36 86 100 87 64 36 21 35 7 19 88 48 21 35 6 86 87
17 13 7 13 7 19 88 48 94 24 21 35 6 36 86 100 87 64 94 24 21 35 6
17 13 7 13 7 19 7 19 88 48 94 24 21 35 6 7 13 48 94 24 21 35 6 36 86 24 21 6 7 13
17 13 36 86 100 87 64 86 21 35 6 36 86 100 87
17 13 7 87 64 48 94 24 21 35 6 36 86 24 19 88 48 94 24 21 35 6 36 86 100 87 6 36 86 100
17 13 7 13 7 19 88 48 94 24 21 35 64 21 94 24
17 48 94
17 13 7 13 7 19 88 48 94 24 21 35 6 36 86 100 87 64 36 86 100 87 86 13 7 88 13 7 13 7
17 13 7 87 64 48 94 24 21 35 6 36 13 7 19 88 48 94 24 21 35 6 36 86 100 87 64 35 48 94
17 13 7 86 24 21 35 6 36 86 100 87 64 19 88 48 94 21 35 13 7
17 13 7 87 64 48 94 24 21 35 6 36 86 24 21 13 7 94 24 13 7 13 7 87 64 100
17 13 7 13 7 19 88 48 94 24 21 35 6 36 86 100 19 88 48 94 24 24 21
17 13 7 13 7 19 88 48 94 24 21 35 6 36 35 6 36 86 100 86 100 100
17 13 7 13 7 19 88 48 94 24 21 35 6 36 86 100 87 64 87 64 94 64 100 87 64 7 13
17 13 7 13 7 19 88 48 94 24 21 35 35 94 6 36 86 100 87 64 35 6 36 86 100 87 64 21 35 6
17 13 7 13 7 19 88 48 6
17 13 24 21 35 6 36 86 100 21 24 21 35 6 36 86 100 87
17 13 7 13 7 19 88 48 94 24 21 35 6 36 86 100 87 64 35 87 64 35 36 87 64 94 24 87 64 88
17 13 7 13 7 19 88 48 94 21 35 6 36 86 100 87 64 48 19 88 48 94 24 64 88 88 100 87 36
17 13 7 13 7 19 88 48 94 24 24 21 35 6 36 86 100 87 64 35 48 94 24 21 35 6 36 86 24 21
17 13 35 6 36 86 100 87 64 7 7 86 100 13 7 13 7 19 88 48 94
17 13 7 13 7 19 88 48 94 24 21 7 13 7 19 88 48 94 24 21 35 6 36 86 100 87 64 7 7 86
17 87 64 94 24 87 64 88 88 100 87
17 13 7 13 7 19 88 48 94 24 21 35 6 36 86 100 87 64 35 36 13 7 87 64 48 94 24 36 86 100
17 13 7 13 7 19 88 48 94 24 21 88 100 87 36
17 13 7 13 7 19 88 48 94 24 21 35 6 36 86 100 87 64 48 19 88 48 94 24 64 88 35 6 36 86
17 13 7 13 7 86 100 87 64 94 24 21 35 6 36 86 100 87 64 100 7
17 13 7 13 7 19 88 48 94 24 21 35 6 36 19 88 48 94 24 21 35 6 36 86 100 87 64 35 36 87
17 13 7 13 7 19 88 48 94 24 21 35 6 36 86 100 24 21 35 6 36 86 100 87 64 7 7 86 100 19
17 13 7 87 13 7 19 88 48 94 87 64 94 24 21 35 6 36 86 100 87 64 100 7
17 13 7 87 64 48 94 24 21 35 6 36 86 87 64 48 94 24 21 35 6 36 86 100 87 64 13
17 13 7 24 21 35 6 36 86 100 87 64 36 21 35 19 88 48 94 24
17 13 7 13 7 19 88 7 13 6 36 7 19
17 13 7 13 7 19 88 48 94 24 21 35 6 36 86 100 87 64 64 100 87 7 100 87 48 94 24 21 35 6
17 13 7 13 7 19 88 48 94 24 21 35 6 36 86 100 87 64 86 100 87 64 48 94 24 21 35 19 88 48
17 13 7 13 7 19 88 48 94 24 21 35 6 36 7 7 86 100 87 64 88 88 100 87 64 13
17 13 7 13 7 19 88 48 94 24 21 35 6 36 86 100 87 64 7 88 48 94 24 94 24 21 35 48 94 24
17 13 7 13 7 19 88 24
17 13 7 87 64 48 94 24 21 35 6 36 87 64 64 100 87 7 100 87 7 13 6 36 7 19
17 13 7 13 7 19 88 48 94 24 21 35 6 36 86 100 86 100 87 64 13
17 13 7 13 7 19 88 48 94 24 21 35 6 36 86 100 87 64 6 94 24 36 87 86 100 87 88 48 94 24
17 13 7 13 7 19 88 48 94 24 21 35 6 36 86 100 87 64 35 21 35 6 36 86 100 87 64 94
17 13 7 13 7 19 88 48 94 24 21 35 6 36 86 100 87 64 24 48 13 7 19 88 48 21 35 6 36 86
17 13 7 13 7 19 88 48 94 6 36 86 100 87 64 35 6 36 86 100 87 64 21 35 6 86 87
17 13 7 19 88 48 94 24 21 35 6 36 86 100 87 64 100 7 7 13 7 19 88 48 94 24 21 35
17 13 7 13 7 13 7 19 88 48 94 24 21 35 6 36 86 100 87 64 48 94 24 21 35 6 36 86 100 87
17 13 7 13 7 19 19 88 48 94 24 21 35 6 36 86 100 87 64 35 13
17 13 7 13 7 88 48 94 24 21 35 6 24 21 35 6 36 86 24 21 21 35 6 36 13 35 88 48 86
17 13 7 13 7 19 88 48 13 87 64 35 6 36 86 100 87 64 21 35 6 86 87
17 13 7 94 24 21 35 6 36 86 100 87 64 87 64 87 64 7 19 7 19 88 48 94 24
17 13 7 13 7 6 36 100
17 13 7 13 7 19 88 48 94 24 21 35 6 36 86 100 87 64 88 24 64 7 19 88 48 94 24 21 35 6
17 13 7 87 64 48 94 24 21 35 6 36 86 7 13 7 94 24 21 35 6
17 13 7 13 7 19 88 48 94 24 21 35 6 36 86 100 87 64 35 36 87 86 100 87 88 48 94 24 21 35
17 13 7 13 7 19 88 48 94 24 21 48 88 48 94 24 21 35
17 13 7 13 7 19 88 48 94 24 21 35 6 36 86 100 87 64 35 36 7 13 7 19 94 24 21 35 6 36
17 13 7 13 7 19 88 48 94 64 48 94 24 21 35
17 13 7 87 24 21 35 6 36 86 100 87 64 35 36 87 64 94 24 87 64 7 87 64 48
17 13 7 13 7 19 88 48 94 24 21 35 6 36 86 35
17 13 7 13 7 64 94 24 24 21 100 87 64
17 13 7 13 7 19 88 48 94 24 21 35 6 36 86 100 87 64 100 94 87 64 48 19 88
17 13 7 87 64 48 94 24 21 35 6 36 86 7 13 7 94 24 21 35 6 35 6 48 7 13 7 87 64 94
17 13 7 13 7 19 88 48 94 24 21 35 6 36 86 100 87 64 88 88 6 94 24 24 21 35 6 48 94 24
17 13 7 13 7 19 88 48 94 24 21 35 6 35 36 87 64 94 24 64 7 21
17 13 7 87 64 48 94 24 21 35 6 36 86 64 35 21 35 6 36 86 100 87 64 13
17 13 7 87 64 48 94 24 36 86 100 87 64 86 100 36 87 64 94 24 24 21 35
17 13 7 87 64 48 94 24 21 35 6 21 35 19
17 13 7 13 7 19 88 48 94 24 21 35 6 36 86 100 87 64 64 100 86 100 87 64 48 94 24 36 86 7
17 13 7 13 7 19 88 48 94 24 21 35 6 36 86 100 87 64 88 88 6 94 24 94 24 6 36 35 6 36
17 13 7 13 7 19 88 48 94 24 21 35 6 36 86 100 87 64 24 21 35 6 64 7 21
17 13 7 87 64 48 94 24 36 86 100 87 64 21 35 6 86 87 64 19 88 13 7 13 7 6 36 86 100 87
17 48 94 24 21
17 13 7 13 7 19 88 48 94 24 21 35 6 36 86 100 87 64 35 21 24 21 35 6 36 86 7 13 7 19
17 13 100 87
17 13 7 13 7 19 88 48 94 24 21 35 6 36 86 100 87 35 6 36 86 100 87 64 48 19 88 48 94 24
17 13 7 13 7 19 88 48 94 24 21 64 64 100 86 100 87 64 48 94 24 21 35 19
17 13 7 87 64 48 94 24 21 35 6 36 86 24 19 88 48 94 24 21 35 6 36 86 100 87 64 21 36 86
17 13 7 87 64 48 94 24 21 35 6 94 24
17 13 7 13 7 19 88 48 94 24 21 35 6 36 86 100 87 48 94 24 21 35 6 36 86 100 87 64 100 7
17 13 7 13 7 19 88 64 6 36 86 100 87 64 88
17 13 7 87 13 7 19 88 88 48 94 24 21 35 6 36 7 6
17 13 7 13 7 19 88 48 94 24 21 35 6 36 86 100 87 64 48 19 48 94 24 21 35 6 36 86 100 87
17 13 7 19 88 48 94 24 87 88 48 94 24 21 35
17 13 7 13 7 19 88 48 94 24 21 35 6 36 86 100 87 64 35 36 87 86 100
17 13 7 87 13 7 19 88 48 94 24 21 35 6 36 86 100 87 64 35 36 87 64 94 24 87 64 7 87 64
17 13 7 64 48 94 24 21 35 6 36 86 88 6 36 86 100 87 64 35 6 36 86 19 88 48 94 24 21
17 13 7 13 7 19 88 48 94 24 21 35 6 36 35 6 36 86 100 87 64 48 19 88 48 94 24 21 35 6
17 13 7 13 7 19 88 48 94 24 21 86 100 87 64 7 7 21 35 6 36 86 100 87 64 94 24
17 13 7 87 64 48 94 24 36 86 100 87 64 21 35 6 86 87 64 19 88 48 94 24 35 6 36 86 100 87
17 13 7 13 7 19 88 48 94 24 21 21
17 13 7 87 64 48 94 24 21 35 6 36 86 24 21 6 7 13 7 19 13 7 13 7 19 88 48 94 24 21
17 19 7 88 48 94 24 21 35 6 36
17 13 7 13 7 19 88 48 94 24 21 35 21
17 13 7 13 7 19 88 48 94 24 21 35 6 36 86 100 87 64 21 35 6 36 86 100 87 64 48 94 24 6
17 13 7 13 7 19 88 48 94 24 21 64 48 94 24 36 86 100 87 64 21 35 6 86 87 64 19 88 48 94
17 13 7 87 35 6 36 86 100 87 64 48 35 6
17 13 7 13 7 19 88 48 94 24 21 35 6 36 86 100 87 64 48 19 88 48 86 100 87 64 6 94 24 21
17 13 7 13 7 19 88 48 94 24 21 35 6 36 94 24 21 35 6 36 7 6
17 35 6 36 86 100 87 64 7 88 48 94 24 94 24 21 35 24
17 13 7 13 7 19 88 48 94 24 21 13 7 13 7 19 88 48 94 24 21 35 6 36 86 100 87 64 7
17 13 7 13 7 19 88 19 88 48 94 24 21 35 6 36 86 100 87 64 21 35 6 86 87 64 19 88 48 94
17 13 7 13 7 48 94 24 21 35 6 36 86 100 87 64 35 21 24 21 35 6 36 86 100 87
17 13 7 13 7 19 88 48 94 24 21 35 6 36 86 100 87 64 24 48 100 87 64 24 21 35 6 36 86 100
17 13 7 13 7 19 88 48 94 24 48 13 7 19 88 48
17 13 7 87 64 36 87 64 24 21 35 6 36 86 100 87 100
17 13 7 13 7 19 88 48 94 24 21 35 6 36 86 100 87 64
17 13 7 13 7 19 88 48 94 36 86 100 87 64 64 100 87 94 24 21 35 6 36
17 13 7 13 7 19 88 48 94 24 21 35 6 36 35 6 24 21 35 6 36 86 100 87 64 35 36 87 86 100
17 13 7 86 100 87 64 100 7 13 48 94 24 13 7 13 48 94 100 87 64 24 48 100 87 64 24 48 13 7
17 13 7 13 7 19 88 48 94 24 21 35 6 36 86 24
17 13 7 13 7 19 88 48 94 24 21 35 94 6 36 86 100 87 64 35 6 36 86 100 87 64 21 35 6 86
17 13 7 13 7 19 88 48 6 48 94 24 21 35 6 36 86 24 21 35 6 36 86 100 87 64
17 13 7 13 7 19 88 48 94 24 21 35 21 13 7 13 7 19 7 13 7 19 88 48
17 13 7 13 7 19 88 48 94 24 21 35 6 36 86 100 87 64 6 36 86 100 87 64 21 35 6 86 87 64
17 13 7 13 7 19 88 48 94 24 21 7 13 7 19
17 13 35 6 36 86 100 87 64 7 7 86 100 13 7 13 7 19 88 48 94
17 13 7 13 7 19 88 48 94 24 21 35 6 36 86 100 87 64 94 24 21 35 6 36 64 35 94 94 24 35
17 13 7 87 64 48 94 24 21 35 6 36 86 86 100 87 7 7 86 100 13 7 13 7 19 88 48 94
17 13 7 19 88 48 94 24 21 35 6 36 86 100 87 64 21 94 24
17 13 7 87 64 48 94 24 21 35 6 36 86 24 13 7 19 88 48 94 24 21 35 6 36 86 100 87 64 7
17 13 7 13 7 19 88 48 94 24 21 13 7 19 88 48 21 35 6 36 86
17 13 7 13 7 19 88 48 94 24 21 35 6 36 86 100 87 64 24 48 35 6 36 86 100 87 64 24 48 100
17 13 7 13 7 19 88 48 94 24 21 35 6 36 86 86 100 87 64 36 86 100 87 86 13 7 88 48 94
17 13 7 13 7 19 88 48 94 24 21 35 6 36 100 87 64 88 88 6 94 24 24 21 35 6 64 7 21
17 13 7 13 24 88 7 13 7
17 13 7 13 7 19 88 48 94 24 21 35 6 36 86 100 87 64 35 13 7 19 88 48 94 7 19 88 48 94
17 13 7 13 7 19 88 48 94 36 35 6 36 48
17 13 7 13 7 19 88 48 94 24 21 35 6 24 21 35 6 36 86 100 87 64 7
17 13 7 13 7 19 88 48 94 24 21 35 6 36 86 100 87 64 7 88 48 94 24 21 35 21 35 6 36 86
17 13 7 87 64 48 94 24 6 36 24 24 21
17 13 7 13 7 19 88 48 94 24 21 36 86 100 87 64 35 36 87 64 94 24 6 36 86 100 87 64
17 13 7 13 7 19 88 48 94 24 21 35 6 35 6 36 86 100 87 64 35 13
17 13 7 13 7 19 88 48 94 24 21 35 6 36 86 100 86 19 88
17 13 7 13 7 19 88 48 94 24 21 35 6 36 86 100 87 64 35 94 94 24 35 100 100 87 36 87 64 35
17 13 7 87 64 48 94 24 21 35 6 36 86 24 87 86 100 87 48 94 24 21 35 87 64 86
17 13 7 13 7 19 88 48 94 24 21 35 6 36 86 100 87 64 7 87 64 21 35 6 36 86 100 6 36 86
17 13 7 87 64 48 94 24 21 35 6 36 86 24 21 35 6 36 86 100 87
17 13 7 13 7 19 88 48 94 24 21 35 6 36 86 100 87 64 88 24 64 7 6 36 100 64 36 21 35 19
17 13 7 13 7 19 88 48 94 24 21 35 6 36 86 100 87
17 13 7 13 7 6 36 86 100 87 64 100 7 7 13 7 19 88 48 94 24 21 35
17 13 7 13 7 19 88 48 19 88 48 94 24 21 35 6 36 86 100 87 64 21 35 6 86 87 64 19 88 48
17 13 7 13 7 94 24 21 35 6 35 36 87 64 94 24 48 94 24 21 35 6 36 86 100 87 64
17 13 7 13 7 19 88 48 94 24 21 35 6 36 86 100 87 64 35 94 94 24 21 35
17 13 7 87 64 48 94 24 35 100 100 87 36 86 19 88
17 13 7 87 64 48 94 24 86
17 13 7 13 7 19 88 48 94 24 21 35 6 24 21 35 6 36 86 24 21 21 35 6 36 13 35 88 48 21
17 13 7 13 7 19 88 48 94 24 21 35 6 36 86 100 87 64 6 94 24 21 35 6 36 86 100 87 64 94
17 13 7 13 7 19 88 48 94 24 21 35 6 36 86 100
17 13 7 13 7 19 88 48 94 24 21 35 6 36 86 100 87 64 7 88
17 13 7 87 64 48 94 24 21 35 6 36 86 7 13 7 94 24 21 35 6 35 6 48 94 87 64 48 19 87
17 13 7 64
17 13 7 13 7 19 88 48 94 24 21 35 6 36 86 100 87 64 88 24 64 7 6 36 100 48 94 24 21 35
17 13 7 13 7 19 88 48 94 24 21 35 6 36 86 100 87 64 48 19 88 48 94 24 21 35 7 19 88 6
17 13 7 13 7 19 88 48 94 24 21 35 48
17 13 7 87 64 48 94 24 36 86 100 87 64 21 35 6 86 87 64 87 64 48 94 24 21 35 6 36 86 24
17 13 7 19 88 48 94 24 21
17 13 7 13 7 19 88 48 94 24
17 13 7 13 7 19 88 48 94 24 21 35 6 36 86 100 87 64 94 24 6 36 35 6 36 48 21 35 6 36
17 13 7 13 7 19 88 48 94 24 21 35 6 36 86 100 87 87 64 35 36 87 64 21 13 7 13 7 19 7
17 13 7 13 7 19 88 48 94 24 21 35 6 36 86 100 64 100
17 13 7 13 7 19 88 48 94 24 21 35 6 36 86 100 87 64 87 100 87 64 48 35 6
17 13 7 13 7 19 88 48 94 24 21 35 6 36 86 64 87 64 7 19 7 19 88 48 94 24
17 13 7 13 7 19 88 48 94 24 36 86 100 87 64 94 7 19 88 48 94 24 64 100 6 36 86
17 13 7 13 7 19 88 48 94 24 21 35 6 21 35 6 36 86 100 87 64 48 19 88 48 94 24 7 19 24
17 13 7 13 7 19 88 48 94 24 21 35 6 36 86 100 87 64 35 100 87 64 13
17 13 7 87 64 48 94 24 21 35 6 36 86 13
17 13 7 87 64 48 94 24 21 35 6 36 86 7 19 88 48 94 24 21 35 6 24 21 35 6 36 86 100 87
17 13 7 13 24 21 13 13 7 100
17 13 7 13 7 19 88 48 94 24 21 35 6 36 86 100 87 64 35 36 87 64 48 36 86 100 87 64 100 24
17 13 7 13 7 19 88 48 94 24 21 35 6 36 86 100 87 64 94 24 24 21 64 94 24 94
17 13 7 13 7 19 88 48 94 24 21 35 6 36 86 64 21 35 6 86 87 64 19 88 48 94 24 7
17 13 7 13 7 19 88 48 94 24 21 35 6 36 86 100 87 100 87 64 6 36 86 100 87 64 94 88 48 94
17 13 7 87 64 48 94 24 21 35 6 36 86 64 35 36 86 100 87 64 86 100 36 87 64 94 24 24 21 35
17 13 7 13 7
17 13 7 13 7 19 88 48 94 24 21 35 6 36 86 100 87 64 48 19 88 48 94 24 7 19 24 21 7 64
17 13 7 87 64 48 94 24 21 35 6 36 86 86 100 87 94 24 21 35 6 36 36
17 13 7 13 36 86 100 87 64 21 13 7 13 7
17 13 7 13 7 19 88 48 94 24 21 35 6 7 19 88 48 94 24 21 35 6 36 86 100 87 64 35 36 87
17 13 7 13 7 19 88 48 94 24 21 35 6 36 86 35 6 36 86 100 87 87 64 7 19 7 19 88 48 94
17 13 7 13 7 19 88 48 94 24 21 35 6 36 86 100 87 64 87 64 64 88 48 94 24 21 35 48 94
17 13 7 13 7 19 88 48 94 24 21 35 64 7 7 86 100 87 64 88 88 100 87 64 13
17 13 7 13 7 19 88 48 94 24 21 35 6 36 86 100 87 6 36 86 100 87 64 100 7 13 7 87 64 94
17 13 7 13 7 19 88 100 87 64 35 36 87 64 94 24 87 64 7 87 64 48
17 13 7 13 7 19 88 48 94 24 21 35 6 36 86 48 94 24 21 35 6 36 86 100 87 64 7 88 48 94
17 13 7 13 7 19 88 48 7 100 87 7 7 19 88 48 94 24 21 48 94 24 64 88 88 100 87 36
17 13 7 13 7 19 88 48 94 24 21 35 6 36 86 100 87 64 48 19 88 35 6 36 86 100 87 64 21 13
17 13 7 13 7 19 88 48 94 24 35 6 36 86 100 87 64 100 6 36 86 13 7 87 64 48 94 24 21
17 13 7 13 7 19 88 48 94 24 21 21 35 6 36 86 100 87 64 88 48 94 24 21 35 6 36 86 100 87
17 13 7 48 94 24 24 21
17 13 7 87 64 48 94 24 21 35 6 36 86 24 21 13 7 94 24 13 7 13 7 19 88 87 64 48 94 24
17 13 7 13 35 36 7 13 7 19 88 48 94 24 21 35
17 13 7 13 7 19 88 48 94 24 21 35 6 36 86 100 87 64 7 19 88 48 94 24 21 35 6 36 86 100
17 13 7 13 7 19 88 48 94 24 21 35 6 36 86 100 87 64 35 36 87 64 94 24 87 64 88 88
17 13 7 13 7 19 88 48 94 24 21 35 6 36 86 100 87 64 94 24 21 35 64 64 100 87 7 100 87 7
17 13 100
17 13 7 13 7 19 88 48 94 24 21 35 6 36 86 100 87 64 7 88 48 94 24 21 35 6 36 24 24 21
17 13 7 13 7 19 88 48 94 24 21 35 6 36 86 100 87 64 35 36 87 64 94 24 21 35 6 36 86 100
17 13 7 13 7 19 88 48 21 13 7 13 7 19 7 19
17 13 7 87 64 48 94 24 21 35 6 48 94 24 100 87 64 35 94 64 13
17 13 7 13 7 19 88 48 94 24 21 35 6 36 86 100 87 64 7 88 36 86 86 100 87 64 64 100 87 7
17 13 7 13 7 19 88 48 94 24 21 35 6 36 86 100 87 64 100 6 36 7 19 88 48 94 24 21 35 6
17
17 13 64 21 35 6 86 87 64 19 88 48 94 24 94
17 13 7 13 7 19 88 48 94 24 21 35 6 36 86 100 87 7 13 7 19 88 48 94 24 21 35 6 36 86
17 13 7 7 87 64 48 94 24 36 86 100 87 64 21 35 6 86 87 64 19 88 48 94 24 21
17 13 13 7 19 88 48 94 24 21 35 6 36 86 100 87 64 7 87 64 21 35 6 36 86 100 87 64 86
17 13 7 13 7 19 88 48 94 24 21 35 6 36 86 100 87 64 88 48 94 24 21 35 6 36 86 100 87 88
17 13 7 13 7 19 88 48 94 24 21 35 6 36 86 100 87 64 35 36 87 86 100 87 64
17 13 7 13 7 19 88 48 94 24 21 35 6 36 86 100 87 64 94 24 21 35 6 36 86 36 86 100 87 64
17 13 7 13 7 19 88 48 94 24 21 35 6 100 87 64 100 7
17 13 7 13 7 19 88 48 94 24 21 35 6 36 86 86 100 19 88 48 7 13 7 19 88
17 13 7 13 7 19 88 48 94 24 21 35 6 36 86 100 87 64 7 7 100 87 64 100 7 13 7 87 64 94
17 13 7 13 7 19 88 48 94 24 21 35 6 36 86
17 13 7 87 64 48 94 24 21 35 6 36 86 100 87 64 13 100 87 64 24 48 13 7 19 88 48 21 35 6
17 13 7 13 7 19 88 48 94 24 21 35 6 36 86 100 88 48
17 13 7 13 7 19 88 48 94 24 21 35 6 36 86 100 87 64 86 64 35 13 7 13 7 19 7 19 87 64
17 13 7 87 94 24 21 35 6 36 86 100 87 64 7 88 48 94 24 94 24 21 35 24
17 13 7 13 7 19 88 48 64 48 94 24 21 35 6 36 86 24 21 21 35 35 6 19 13
17 13 7 13 7 19 88 48 94 24 21 35 7 13 7 6 36 86 100 87
17 13 6 36 86 100 87 64 7 88 48 94 24 21 35 6 36 24 24 21
17 13 7 87 64 48 94 24 21 35 6 36 86 88 6 36 86 100 87 64 35 6 36 86 19 88 48 21 35 6
17 13 7 13 7 19 88 48 94 24 94 24 21
17 13 88 48 94 24 21 6 36 13 7
17 13 7 13 7 19 88 48 94 24 21 35 6 36 86 100 87 64 13 7 19 7 13 7 19 88 48 94 24 21
17 13 7 13 7 19 88 48 36 86 100 87 64 48 94 24 21 35 19 88 48 94 24 21 35
17 13 7 13 7 19 88 48 94 24 21 35 6 94 24 21 35 6 35 36 87 64 94 24 48 94 24 21 35 6
17 13 7 87 64 48 94 24 21 35 6 36 86 86 100 87 64 64 19 88 19 88 48 94 24
17 13 7 13 7 19 88 48 94 24 21 35 6 36 86 100 87 64 100 87 7 100 87 7 19 88 48 94 24 7
17 13 7 87 64 48 94 24 21 35 6 36 86 7 21 35 6 36 86 100 87 64 94 24 21 35 64 64 100 87
17 13 7 13 7 19 88 48 94 24 13 7 94 24 21 35 6 35 6 48 94 87 64 48 19 88
